9.936204363791489858e-01
9.937784345890581239e-01
9.939344700517519504e-01
9.940885418348646141e-01
9.942406490176681766e-01
9.943907906910809391e-01
9.945389659576771013e-01
9.946851739316956431e-01
9.948294137390490954e-01
9.949716845173319779e-01
9.951119854158297917e-01
9.952503155955273462e-01
9.953866742291170855e-01
9.955210605010073044e-01
9.956534736073302527e-01
9.957839127559505732e-01
9.959123771664724067e-01
9.960388660702479413e-01
9.961633787103846283e-01
9.962859143417528429e-01
9.964064722309933231e-01
9.965250516565247185e-01
9.966416519085502523e-01
9.967562722890652704e-01
9.968689121118641250e-01
9.969795707025467246e-01
9.970882473985256400e-01
9.971949415490325430e-01
9.972996525151246461e-01
9.974023796696913635e-01
9.975031223974600847e-01
9.976018800950028353e-01
9.976986521707418287e-01
9.977934380449557938e-01
9.978862371497855266e-01
9.979770489292394409e-01
9.980658728391994527e-01
9.981527083474263096e-01
9.982375549335646969e-01
9.983204120891485678e-01
9.984012793176063605e-01
9.984801561342656617e-01
9.985570420663584246e-01
9.986319366530252983e-01
9.987048394453205136e-01
9.987757500062162119e-01
9.988446679106069981e-01
9.989115927453139365e-01
9.989765241090888814e-01
9.990394616126182514e-01
9.991004048785273595e-01
9.991593535413836324e-01
9.992163072477007191e-01
9.992712656559417095e-01
9.993242284365226880e-01
9.993751952718162856e-01
9.994241658561541231e-01
9.994711398958305848e-01
9.995161171091055952e-01
9.995590972262071716e-01
9.996000799893344224e-01
9.996390651526597670e-01
9.996760524823317118e-01
9.997110417564774032e-01
9.997440327652039604e-01
9.997750253106016949e-01
9.998040192067451093e-01
9.998310142796955624e-01
9.998560103675023791e-01
9.998790073202047379e-01
9.999000049998333362e-01
9.999190032804113892e-01
9.999360020479562960e-01
9.999510012004804160e-01
9.999640006479921794e-01
9.999750003124974196e-01
9.999840001279992618e-01
9.999910000404999000e-01
9.999960000080000411e-01
