-0.354490787	2.75056282E-005
-0.35409078		2.83076315E-005
-0.353690773	2.91318302E-005
-0.353290796	2.99789099E-005
-0.35289079		3.08494418E-005
-0.352490783	3.17441045E-005
-0.352090776	3.26634035E-005
-0.351690799	3.36080157E-005
-0.351290792	3.4578683E-005
-0.350890785	3.55760931E-005
-0.350490779	3.66008135E-005
-0.350090802	3.76536082E-005
-0.349690795	3.87352411E-005
-0.349290788	3.98464945E-005
-0.348890781	4.09879503E-005
-0.348490775	4.21606455E-005
-0.348090798	4.33649657E-005
-0.347690791	4.46022568E-005
-0.347290784	4.58730174E-005
-0.346890777	4.71783023E-005
-0.3464908		4.85186174E-005
-0.346090794	4.98953195E-005
-0.345690787	5.13090708E-005
-0.34529078		5.27609591E-005
-0.344890773	5.42517591E-005
-0.344490796	5.57825006E-005
-0.34409079		5.73542784E-005
-0.343690783	5.89683004E-005
-0.343290776	6.06251488E-005
-0.342890799	6.23262749E-005
-0.342490792	6.40726721E-005
-0.342090786	6.58656572E-005
-0.341690779	6.7706038E-005
-0.341290772	6.9595364E-005
-0.340890795	7.15343413E-005
-0.340490788	7.35249123E-005
-0.340090781	7.55677102E-005
-0.339690775	7.76646266E-005
-0.339290798	7.98163746E-005
-0.338890791	8.20246642E-005
-0.338490784	8.42909649E-005
-0.338090777	8.66164773E-005
-0.3376908		8.90024967E-005
-0.337290794	9.14511184E-005
-0.336890787	9.39633392E-005
-0.33649078		9.65410291E-005
-0.336090773	9.91855195E-005
-0.335690796	0.00010189836
-0.33529079		0.000104681654
-0.334890783	0.000107536827
-0.334490776	0.000110465706
-0.334090799	0.000113469599
-0.333690792	0.000116550997
-0.333290786	0.000119711673
-0.332890779	0.000122953104
-0.332490802	0.000126277329
-0.332090795	0.000129686756
-0.331690788	0.000133183014
-0.331290781	0.000136768358
-0.330890775	0.000140444798
-0.330490798	0.000144214107
-0.330090791	0.000148079547
-0.329690784	0.000152042427
-0.329290777	0.000156105481
-0.3288908		0.000160270502
-0.328490794	0.000164540732
-0.328090787	0.000168918355
-0.32769078		0.000173405744
-0.327290773	0.000178005444
-0.326890796	0.000182719625
-0.32649079		0.000187551894
-0.326090783	0.000192504667
-0.325690776	0.000197580579
-0.325290799	0.000202782161
-0.324890792	0.00020811279
-0.324490786	0.000213575448
-0.324090779	0.000219173206
-0.323690772	0.000224908959
-0.323290795	0.000230785488
-0.322890788	0.000236806591
-0.322490782	0.000242975555
-0.322090775	0.000249295757
-0.321690798	0.000255770021
-0.321290791	0.0002624029
-0.320890784	0.000269196928
-0.320490777	0.000276156323
-0.320090801	0.000283284433
-0.319690794	0.000290585449
-0.319290787	0.000298063591
-0.31889078		0.000305721798
-0.318490803	0.000313564291
-0.318090796	0.000321596279
-0.31769079		0.000329821196
-0.317290783	0.000338243262
-0.316890776	0.00034686664
-0.316490799	0.000355695724
-0.316090792	0.000364736567
-0.315690786	0.000373992312
-0.315290779	0.000383468025
-0.314890802	0.000393167487
-0.314490795	0.000403097947
-0.314090788	0.000413262751
-0.313690782	0.00042366772
-0.313290775	0.000434317742
-0.312890798	0.000445216952
-0.312490791	0.00045637344
-0.312090784	0.000467791222
-0.311690778	0.000479475944
-0.311290801	0.000491432031
-0.310890794	0.000503667921
-0.310490787	0.000516188738
-0.31009078		0.000528999604
-0.309690773	0.000542108202
-0.309290797	0.000555517967
-0.30889079		0.000569238618
-0.308490783	0.000583275862
-0.308090776	0.000597635342
-0.307690799	0.000612323289
-0.307290792	0.000627349771
-0.306890786	0.000642718805
-0.306490779	0.000658439589
-0.306090772	0.000674518407
-0.305690795	0.000690961082
-0.305290788	0.000707778556
-0.304890782	0.000724976941
-0.304490805	0.000742562755
-0.304090798	0.000760547293
-0.303690791	0.000778936839
-0.303290784	0.000797739602
-0.302890778	0.000816964137
-0.302490801	0.000836617721
-0.302090794	0.000856712519
-0.301690787	0.000877255516
-0.30129078		0.000898255676
-0.300890803	0.000919721671
-0.300490797	0.000941663515
-0.30009079		0.00096409244
-0.299690783	0.000987016712
-0.299290776	0.00101044623
-0.298890799	0.0010343903
-0.298490793	0.00105885998
-0.298090786	0.00108386751
-0.297690779	0.00110942195
-0.297290802	0.00113553309
-0.296890795	0.00116221374
-0.296490788	0.00118947343
-0.296090782	0.00121732743
-0.295690775	0.00124578224
-0.295290798	0.00127485185
-0.294890791	0.00130454928
-0.294490784	0.0013348856
-0.294090778	0.00136587454
-0.293690801	0.00139752508
-0.293290794	0.00142985489
-0.292890787	0.00146287447
-0.29249078		0.00149659731
-0.292090774	0.00153103832
-0.291690797	0.0015662068
-0.29129079		0.00160212384
-0.290890783	0.00163879793
-0.290490806	0.00167624222
-0.290090799	0.00171447825
-0.289690793	0.00175351684
-0.289290786	0.00179337291
-0.288890779	0.00183406356
-0.288490772	0.00187559961
-0.288090795	0.00191800168
-0.287690789	0.00196128571
-0.287290782	0.00200546696
-0.286890805	0.00205055811
-0.286490798	0.00209658314
-0.286090791	0.00214355742
-0.285690784	0.00219149864
-0.285290778	0.00224042078
-0.284890771	0.00229034363
-0.284490794	0.00234128349
-0.284090787	0.00239326246
-0.28369078		0.00244629965
-0.283290803	0.00250040647
-0.282890797	0.00255561597
-0.28249079		0.0026119398
-0.282090783	0.00266939844
-0.281690776	0.00272801169
-0.281290799	0.00278779562
-0.280890793	0.00284878048
-0.280490786	0.00291098491
-0.280090779	0.00297442824
-0.279690802	0.00303912489
-0.279290795	0.00310511421
-0.278890789	0.00317240646
-0.278490782	0.0032410298
-0.278090775	0.00331100426
-0.277690798	0.00338234473
-0.277290791	0.00345509523
-0.276890785	0.00352926552
-0.276490778	0.00360488589
-0.276090801	0.00368197192
-0.275690794	0.00376055809
-0.275290787	0.00384067278
-0.27489078		0.00392233301
-0.274490774	0.00400557183
-0.274090797	0.0040904046
-0.27369079		0.00417686859
-0.273290783	0.00426499546
-0.272890806	0.00435479823
-0.272490799	0.00444631604
-0.272090793	0.00453957729
-0.271690786	0.00463460665
-0.271290779	0.00473143393
-0.270890772	0.00483009312
-0.270490795	0.00493059633
-0.270090789	0.00503300223
-0.269690782	0.005137322
-0.269290805	0.0052435915
-0.268890798	0.00535184378
-0.268490791	0.00546210911
-0.268090785	0.00557442429
-0.267690778	0.00568881817
-0.267290771	0.00580532523
-0.266890794	0.00592397014
-0.266490787	0.0060447962
-0.26609078		0.00616784533
-0.265690804	0.0062931329
-0.265290797	0.00642071664
-0.26489079		0.00655061426
-0.264490783	0.00668286672
-0.264090776	0.00681751734
-0.263690799	0.00695458753
-0.263290793	0.00709413877
-0.262890786	0.00723618781
-0.262490779	0.00738077937
-0.262090802	0.00752795162
-0.261690795	0.00767775066
-0.261290789	0.00783021376
-0.260890782	0.00798537768
-0.260490775	0.00814327132
-0.260090798	0.0083039524
-0.259690791	0.00846746378
-0.259290785	0.00863384549
-0.258890808	0.0088031143
-0.258490801	0.00897535123
-0.258090794	0.00915058795
-0.257690787	0.00932886265
-0.257290781	0.00951021444
-0.256890774	0.00969470013
-0.256490797	0.00988233276
-0.25609079		0.0100732092
-0.255690783	0.0102673499
-0.255290806	0.0104647744
-0.2548908		0.0106655834
-0.254490793	0.0108697964
-0.254090786	0.0110774618
-0.253690779	0.0112886317
-0.253290772	0.0115033463
-0.252890795	0.0117216436
-0.252490789	0.0119436132
-0.252090782	0.012169281
-0.251690805	0.0123986779
-0.251290798	0.0126319043
-0.250890791	0.0128689744
-0.250490785	0.0131099615
-0.250090778	0.0133548966
-0.249690786	0.0136038419
-0.249290794	0.0138568487
-0.248890787	0.014113985
-0.248490781	0.0143752983
-0.248090789	0.0146408202
-0.247690797	0.0149106365
-0.24729079		0.0151848029
-0.246890783	0.0154633634
-0.246490791	0.01574637
-0.2460908		0.0160338841
-0.245690793	0.0163259767
-0.245290786	0.0166227054
-0.244890779	0.0169241112
-0.244490787	0.0172302537
-0.244090796	0.0175411962
-0.243690789	0.0178570133
-0.243290782	0.0181777645
-0.24289079		0.0185034722
-0.242490798	0.0188342575
-0.242090791	0.0191701278
-0.241690785	0.01951118
-0.241290793	0.0198574755
-0.240890786	0.020209033
-0.240490794	0.0205659866
-0.240090787	0.0209283326
-0.239690781	0.0212961808
-0.239290789	0.0216695946
-0.238890797	0.0220485944
-0.23849079		0.0224332977
-0.238090783	0.0228237361
-0.237690791	0.0232199933
-0.2372908		0.0236221161
-0.236890793	0.0240301993
-0.236490786	0.0244443156
-0.236090779	0.0248644762
-0.235690787	0.0252908003
-0.235290796	0.0257233381
-0.234890789	0.0261621661
-0.234490782	0.0266073551
-0.23409079		0.0270589534
-0.233690798	0.02751703
-0.233290792	0.0279816929
-0.232890785	0.028452985
-0.232490793	0.0289309733
-0.232090801	0.0294157192
-0.231690794	0.0299073271
-0.231290787	0.030405866
-0.230890781	0.0309113953
-0.230490789	0.0314239338
-0.230090797	0.0319436044
-0.22969079		0.0324704908
-0.229290783	0.0330046751
-0.228890792	0.0335461684
-0.228490785	0.0340951048
-0.228090793	0.0346514918
-0.227690786	0.0352154933
-0.227290794	0.0357870646
-0.226890787	0.0363664106
-0.226490796	0.0369534828
-0.226090789	0.0375484377
-0.225690797	0.038151294
-0.22529079		0.0387621745
-0.224890783	0.0393811353
-0.224490792	0.0400082059
-0.224090785	0.0406435207
-0.223690793	0.0412871018
-0.223290786	0.0419390798
-0.222890794	0.0425994694
-0.222490788	0.0432684161
-0.222090796	0.0439458936
-0.221690789	0.044632066
-0.221290797	0.0453269519
-0.22089079		0.0460306443
-0.220490783	0.0467432477
-0.220090792	0.0474647209
-0.219690785	0.048195295
-0.219290793	0.0489349216
-0.218890786	0.0496837273
-0.218490794	0.0504417382
-0.218090788	0.0512090959
-0.217690796	0.0519858189
-0.217290789	0.0527720265
-0.216890797	0.0535676889
-0.21649079		0.054373011
-0.216090783	0.0551879741
-0.215690792	0.0560126305
-0.215290785	0.056847129
-0.214890793	0.0576914847
-0.214490786	0.0585457943
-0.214090794	0.0594101213
-0.213690788	0.0602844432
-0.213290796	0.061168991
-0.212890789	0.0620636903
-0.212490797	0.0629686937
-0.21209079		0.0638840571
-0.211690784	0.0648097545
-0.211290792	0.0657459646
-0.210890785	0.066692695
-0.210490793	0.0676500276
-0.210090786	0.0686180368
-0.209690794	0.0695967004
-0.209290788	0.0705861747
-0.208890796	0.0715864748
-0.208490789	0.0725976899
-0.208090797	0.0736197904
-0.20769079		0.0746529996
-0.207290784	0.0756972283
-0.206890792	0.0767525807
-0.206490785	0.0778191164
-0.206090793	0.0788968205
-0.205690786	0.0799859017
-0.205290794	0.0810862556
-0.204890788	0.0821980312
-0.204490796	0.083321169
-0.204090789	0.0844558701
-0.203690797	0.0856020302
-0.20329079		0.0867598355
-0.202890784	0.0879292488
-0.202490792	0.0891102478
-0.202090785	0.0903030336
-0.201690793	0.0915075094
-0.201290786	0.0927237943
-0.200890794	0.093951866
-0.200490788	0.0951918662
-0.200090796	0.0964436755
-0.199690789	0.0977074802
-0.199290797	0.0989831835
-0.19889079		0.100270927
-0.198490784	0.101570725
-0.198090792	0.102882467
-0.197690785	0.104206346
-0.197290793	0.105542265
-0.196890786	0.106890358
-0.196490794	0.108250543
-0.196090788	0.109622933
-0.195690796	0.111007407
-0.195290789	0.112404175
-0.194890797	0.113813043
-0.19449079		0.115234226
-0.194090784	0.116667621
-0.193690792	0.11811313
-0.193290785	0.119570993
-0.192890793	0.121040985
-0.192490786	0.12252333
-0.192090794	0.124017805
-0.191690788	0.125524625
-0.191290796	0.127043515
-0.190890789	0.128574774
-0.190490797	0.130118176
-0.19009079		0.131673798
-0.189690784	0.133241624
-0.189290792	0.134821534
-0.188890785	0.136413664
-0.188490793	0.138017863
-0.188090786	0.139634237
-0.187690794	0.141262546
-0.187290788	0.14290303
-0.186890796	0.144555524
-0.186490789	0.146219879
-0.186090797	0.147896275
-0.18569079		0.149584457
-0.185290784	0.151284605
-0.184890792	0.152996525
-0.184490785	0.154720157
-0.184090793	0.156455562
-0.183690786	0.158202499
-0.183290794	0.159961149
-0.182890788	0.161731303
-0.182490796	0.163512886
-0.182090789	0.165305927
-0.181690797	0.16711019
-0.18129079		0.168925822
-0.180890799	0.170752555
-0.180490792	0.172590464
-0.180090785	0.174439386
-0.179690793	0.176299155
-0.179290786	0.178169861
-0.178890795	0.180051252
-0.178490788	0.181943387
-0.178090796	0.183845937
-0.177690789	0.185759038
-0.177290797	0.187682465
-0.17689079		0.189616159
-0.176490799	0.191559896
-0.176090792	0.193513751
-0.175690785	0.195477471
-0.175290793	0.197450906
-0.174890786	0.199434042
-0.174490795	0.201426551
-0.174090788	0.203428566
-0.173690796	0.205439717
-0.173290789	0.207460031
-0.172890797	0.209489197
-0.17249079		0.211527243
-0.172090799	0.213573873
-0.171690792	0.215629026
-0.171290785	0.217692524
-0.170890793	0.219764069
-0.170490786	0.221843705
-0.170090795	0.223931015
-0.169690788	0.226026088
-0.169290796	0.228128508
-0.168890789	0.230238318
-0.168490797	0.232355043
-0.168090791	0.234478787
-0.167690799	0.236609116
-0.167290792	0.238746017
-0.166890785	0.240889162
-0.166490793	0.243038267
-0.166090786	0.245193332
-0.165690795	0.247353986
-0.165290788	0.249520093
-0.164890796	0.251691312
-0.164490789	0.253867477
-0.164090797	0.256048381
-0.163690791	0.258233786
-0.163290799	0.260423362
-0.162890792	0.262616992
-0.162490785	0.264814287
-0.162090793	0.26701507
-0.161690786	0.26921913
-0.161290795	0.271426022
-0.160890788	0.273635656
-0.160490796	0.275847554
-0.160090789	0.278061748
-0.159690797	0.280277669
-0.159290791	0.28249526
-0.158890799	0.284713894
-0.158490792	0.28693369
-0.158090785	0.289154142
-0.157690793	0.291374892
-0.157290787	0.293595672
-0.156890795	0.295816153
-0.156490788	0.298036188
-0.156090796	0.30025512
-0.155690789	0.302473009
-0.155290797	0.304689199
-0.154890791	0.30690363
-0.154490799	0.309115678
-0.154090792	0.311325282
-0.153690785	0.313531965
-0.153290793	0.315735251
-0.152890787	0.31793505
-0.152490795	0.320130646
-0.152090788	0.322322071
-0.151690796	0.324508756
-0.151290789	0.326690257
-0.150890797	0.328866333
-0.150490791	0.331036538
-0.150090799	0.333200485
-0.149690792	0.335357904
-0.149290785	0.337508231
-0.148890793	0.339651167
-0.148490787	0.341786265
-0.148090795	0.343913108
-0.147690788	0.346031398
-0.147290796	0.348140568
-0.146890789	0.35024038
-0.146490797	0.352330148
-0.146090791	0.354409784
-0.145690799	0.356478602
-0.145290792	0.358536363
-0.144890785	0.360582501
-0.144490793	0.362616539
-0.144090787	0.36463815
-0.143690795	0.366646856
-0.143290788	0.368642211
-0.142890796	0.370623648
-0.142490789	0.372590989
-0.142090797	0.374543458
-0.141690791	0.376480848
-0.141290799	0.378402501
-0.140890792	0.380308092
-0.140490785	0.382197171
-0.140090793	0.384069055
-0.139690787	0.385923505
-0.139290795	0.387759864
-0.138890788	0.389577776
-0.138490796	0.391376704
-0.138090789	0.393156141
-0.137690797	0.39491567
-0.137290791	0.396654695
-0.136890799	0.398372829
-0.136490792	0.400069565
-0.136090785	0.401744306
-0.135690793	0.403396606
-0.135290787	0.405026019
-0.134890795	0.406631976
-0.134490788	0.408214062
-0.134090796	0.409771532
-0.133690789	0.411304206
-0.133290797	0.412811279
-0.132890791	0.414292425
-0.132490799	0.415747017
-0.132090792	0.417174697
-0.131690785	0.41857481
-0.131290793	0.41994682
-0.130890787	0.421290338
-0.130490795	0.42260465
-0.130090788	0.423889458
-0.129690796	0.425144076
-0.129290789	0.426368058
-0.128890797	0.427560806
-0.128490791	0.428721935
-0.128090799	0.429850787
-0.127690792	0.430946916
-0.127290785	0.432009786
-0.126890793	0.433038801
-0.126490787	0.434033543
-0.126090795	0.434993386
-0.125690788	0.435917914
-0.125290796	0.4368065
-0.124890789	0.437658727
-0.124490798	0.43847397
-0.124090791	0.439251751
-0.123690799	0.439991564
-0.123290792	0.440692872
-0.122890785	0.441355169
-0.122490793	0.441977918
-0.122090787	0.442560643
-0.121690795	0.443102747
-0.121290788	0.443603843
-0.120890796	0.444063306
-0.120490789	0.444480687
-0.120090798	0.444855422
-0.119690791	0.445187092
-0.119290799	0.445475131
-0.118890792	0.445719093
-0.118490785	0.445918411
-0.118090793	0.446072608
-0.117690787	0.446181238
-0.117290795	0.446243763
-0.116890788	0.446259707
-0.116490796	0.446228623
-0.116090789	0.446149975
-0.115690798	0.446023345
-0.115290791	0.445848197
-0.114890799	0.445624113
-0.114490792	0.445350587
-0.1140908		0.445027202
-0.113690794	0.444653481
-0.113290787	0.444228947
-0.112890795	0.443753213
-0.112490788	0.443225741
-0.112090796	0.442646205
-0.111690789	0.442014039
-0.111290798	0.441328973
-0.110890791	0.440590441
-0.110490799	0.439798117
-0.110090792	0.438951492
-0.1096908		0.43805027
-0.109290794	0.437093943
-0.108890787	0.436082244
-0.108490795	0.435014665
-0.108090788	0.43389082
-0.107690796	0.432710439
-0.107290789	0.431473047
-0.106890798	0.430178344
-0.106490791	0.428825885
-0.106090799	0.42741546
-0.105690792	0.425946593
-0.1052908		0.424419016
-0.104890794	0.42283234
-0.104490787	0.421186239
-0.10409078		0.419480532
-0.103690803	0.417714834
-0.103290796	0.415888697
-0.10289079		0.414002001
-0.102490783	0.41205439
-0.102090806	0.410045832
-0.101690799	0.407975644
-0.101290792	0.405843765
-0.100890785	0.403649867
-0.100490779	0.401393831
-0.100090802	0.399075627
-0.0996907949	0.396694571
-0.0992907882	0.394250572
-0.0988907814	0.391743541
-0.0984908044	0.389173478
-0.0980907977	0.386539757
-0.0976907909	0.383842379
-0.0972907841	0.381081194
-0.0968908072	0.378256291
-0.0964908004	0.375367016
-0.0960907936	0.372413605
-0.0956907868	0.369395703
-0.0952907801	0.366313368
-0.0948908031	0.36316663
-0.0944907963	0.359954953
-0.0940907896	0.356678605
-0.0936907828	0.353337318
-0.0932908058	0.3499313
-0.092890799	0.346460074
-0.0924907923	0.34292382
-0.0920907855	0.339322627
-0.0916907787	0.335656226
-0.0912908018	0.331925005
-0.090890795	0.328128427
-0.0904907882	0.324266791
-0.0900907815	0.320340216
-0.0896908045	0.316348761
-0.0892907977	0.312292099
-0.0888907909	0.308170497
-0.0884907842	0.303984076
-0.0880908072	0.299733251
-0.0876908004	0.295417458
-0.0872907937	0.291037083
-0.0868907869	0.286592245
-0.0864907801	0.282083154
-0.0860908031	0.277510226
-0.0856907964	0.272873074
-0.0852907896	0.268171936
-0.0848907828	0.26340723
-0.0844908059	0.258579403
-0.0840907991	0.253687948
-0.0836907923	0.248733506
-0.0832907856	0.2437163
-0.0828907788	0.238636494
-0.0824908018	0.233494818
-0.082090795	0.228290722
-0.0816907883	0.223024905
-0.0812907815	0.217697635
-0.0808908045	0.212309673
-0.0804907978	0.206860438
-0.080090791	0.201350808
-0.0796907842	0.195780978
-0.0792908072	0.1901519
-0.0788908005	0.18446295
-0.0784907937	0.178714961
-0.0780907869	0.172908515
-0.0776907802	0.167043775
-0.0772908032	0.161121756
-0.0768907964	0.155141979
-0.0764907897	0.14910531
-0.0760907829	0.143012345
-0.0756908059	0.136863813
-0.0752907991	0.130659506
-0.0748907924	0.124400176
-0.0744907856	0.118086442
-0.0740908086	0.111719452
-0.0736908019	0.105298512
-0.0732907951	0.0988249406
-0.0728907883	0.0922990665
-0.0724907815	0.0857215896
-0.0720908046	0.0790936127
-0.0716907978	0.0724147409
-0.071290791	0.0656861067
-0.0708907843	0.0589082651
-0.0704908073	0.0520824604
-0.0700908005	0.0452083051
-0.0696907938	0.0382869244
-0.069290787	0.0313192047
-0.0688907802	0.0243055001
-0.0684908032	0.0172473621
-0.0680907965	0.0101442495
-0.0676907897	0.00299752341
-0.0672907829	-0.00419196114
-0.066890806	-0.0114231473
-0.0664907992	-0.0186962932
-0.0660907924	-0.0260098521
-0.0656907856	-0.0333632864
-0.0652908087	-0.0407550633
-0.0648908019	-0.0481857099
-0.0644907951	-0.0556536354
-0.0640907884	-0.063157931
-0.0636907816	-0.0706980005
-0.0632908046	-0.0782722235
-0.0628907979	-0.0858810022
-0.0624907911	-0.0935227722
-0.0620907843	-0.101196595
-0.0616908073	-0.108901143
-0.0612908006	-0.116636597
-0.0608907938	-0.124401502
-0.060490787	-0.132194802
-0.0600907803	-0.140015557
-0.0596908033	-0.147862345
-0.0592907965	-0.155735299
-0.0588907897	-0.163632944
-0.058490783	-0.171554178
-0.058090806	-0.179497421
-0.0576907992	-0.187463
-0.0572907925	-0.195449054
-0.0568907857	-0.203454822
-0.0564908087	-0.211478606
-0.056090802	-0.219520479
-0.0556907952	-0.227578923
-0.0552907884	-0.23565264
-0.0548907816	-0.243740931
-0.0544908047	-0.251841843
-0.0540907979	-0.259955674
-0.0536907911	-0.268080652
-0.0532907844	-0.276215613
-0.0528908074	-0.284359068
-0.0524908006	-0.292510957
-0.0520907938	-0.300669581
-0.0516907871	-0.308833897
-0.0512907803	-0.317002594
-0.0508908033	-0.325174212
-0.0504907966	-0.333348691
-0.0500907898	-0.341524243
-0.049690783	-0.349699825
-0.0492908061	-0.357873678
-0.0488907993	-0.366045564
-0.0484907925	-0.374214172
-0.0480907857	-0.382377982
-0.0476908088	-0.390535504
-0.047290802	-0.398686588
-0.0468907952	-0.406829387
-0.0464907885	-0.414963007
-0.0460907817	-0.423085958
-0.0456908047	-0.43119669
-0.0452907979	-0.439295113
-0.0448907912	-0.447379321
-0.0444907844	-0.455448419
-0.0440908074	-0.463500172
-0.0436908007	-0.471535087
-0.0432907939	-0.479551077
-0.0428907871	-0.487546861
-0.0424907804	-0.495521516
-0.0420908034	-0.503472984
-0.0416907966	-0.511401355
-0.0412907898	-0.519304931
-0.0408907831	-0.5271824
-0.0404908061	-0.535031974
-0.0400907993	-0.542853653
-0.0396907926	-0.55064559
-0.0392907858	-0.558406651
-0.0388908088	-0.566135108
-0.038490802	-0.573830843
-0.0380907953	-0.581492007
-0.0376907885	-0.589117527
-0.0372907817	-0.596706212
-0.0368908048	-0.604256392
-0.036490798	-0.611767709
-0.0360907912	-0.619238675
-0.0356907845	-0.626668096
-0.0352908075	-0.634054065
-0.0348908007	-0.641396761
-0.0344907939	-0.648694277
-0.0340907872	-0.65594548
-0.0336907804	-0.663149297
-0.0332908034	-0.670303941
-0.0328907967	-0.67740947
-0.0324907899	-0.684464037
-0.0320907831	-0.69146657
-0.0316908062	-0.698415458
-0.0312907994	-0.705310583
-0.0308907926	-0.712150276
-0.0304907858	-0.718933523
-0.0300908089	-0.725658596
-0.0296908021	-0.732325435
-0.0292907953	-0.73893249
-0.0288907886	-0.74547869
-0.0284907818	-0.7519629
-0.0280908048	-0.758383572
-0.027690798	-0.764740646
-0.0272907913	-0.771032572
-0.0268907845	-0.777258337
-0.0264908075	-0.78341639
-0.0260908008	-0.789506674
-0.025690794	-0.795527697
-0.0252907872	-0.801478446
-0.0248907804	-0.807357967
-0.0244908035	-0.81316483
-0.0240907967	-0.818898916
-0.0236907899	-0.824558735
-0.0232907832	-0.830143511
-0.0228908062	-0.835651875
-0.0224907994	-0.841083586
-0.0220907927	-0.846437454
-0.0216907859	-0.851712406
-0.0212908089	-0.856907368
-0.0208908021	-0.862022102
-0.0204907954	-0.867055357
-0.0200907886	-0.872006357
-0.0196907818	-0.876874149
-0.0192908049	-0.88165766
-0.0188907981	-0.886356711
-0.0184907913	-0.89097023
-0.0180907845	-0.895497262
-0.0176908076	-0.899936855
-0.0172908008	-0.904288828
-0.016890794	-0.90855211
-0.0164907873	-0.912726104
-0.0160907805	-0.916809916
-0.0156908035	-0.920802593
-0.0152907968	-0.924704134
-0.01489079		-0.928513408
-0.0144907832	-0.932229936
-0.0140908062	-0.935852706
-0.0136907995	-0.93938154
-0.0132907927	-0.942815781
-0.0128907859	-0.946154654
-0.012490809	-0.949397385
-0.0120908022	-0.952543974
-0.0116907954	-0.955593526
-0.0112907887	-0.958545506
-0.0108907819	-0.961399555
-0.0104908049	-0.96415478
-0.0100907981	-0.96681124
-0.00969079137	-0.969368279
-0.0092907846	-0.971825302
-0.00889080763	-0.974181831
-0.00849080086	-0.976437807
-0.00809079409	-0.978592575
-0.00769078732	-0.980645895
-0.00729081035	-0.982597172
-0.00689080358	-0.984446228
-0.0064907968	-0.986192882
-0.00609079003	-0.987836599
-0.00569078326	-0.989377201
-0.00529080629	-0.990814328
-0.00489079952	-0.992147863
-0.00449079275	-0.993377507
-0.00409078598	-0.994503021
-0.00369080901	-0.995524049
-0.00329080224	-0.996440828
-0.00289079547	-0.997252822
-0.0024907887	-0.99796015
-0.00209078193	-0.998562455
-0.00169080496	-0.999059737
-0.00129079819	-0.999451935
-0.000890791416	-0.999738932
-0.000490784645	-0.999920785
-9.08076763E-005	-0.999997318
0.000309199095	-0.999968529
0.000709205866	-0.999834538
0.00110921264	-0.999595344
0.00150918961	-0.999250829
0.00190919638	-0.998801231
0.00230920315	-0.998246551
0.00270920992	-0.997586906
0.00310921669	-0.996822417
0.00350919366	-0.995953262
0.00390920043	-0.994979501
0.0043092072	-0.993901372
0.00470921397	-0.992718875
0.00510919094	-0.991432667
0.00550919771	-0.990042508
0.00590920448	-0.988548756
0.00630921125	-0.986951828
0.00670921803	-0.985251904
0.00710919499	-0.983449399
0.00750920177	-0.981544375
0.00790920854	-0.979537308
0.00830921531	-0.977428496
0.00870919228	-0.975218654
0.00910919905	-0.972907603
0.00950920582	-0.970496058
0.00990921259	-0.967984438
0.0103091896	-0.965373158
0.0107091963	-0.962662637
0.0111092031	-0.959853351
0.0115092099	-0.956945717
0.0119092166	-0.953940392
0.0123091936	-0.95083797
0.0127092004	-0.94763875
0.0131092072	-0.944343269
0.0135092139	-0.940952301
0.0139091909	-0.937466562
0.0143091977	-0.93388623
0.0147092044	-0.93021208
0.0151092112	-0.926444888
0.015509218		-0.92258507
0.0159091949	-0.918633819
0.0163092017	-0.914591193
0.0167092085	-0.910458088
0.0171092153	-0.906235218
0.0175091922	-0.901923776
0.017909199		-0.897523642
0.0183092058	-0.893036008
0.0187092125	-0.888461649
0.0191091895	-0.883801699
0.0195091963	-0.879056275
0.0199092031	-0.874226451
0.0203092098	-0.86931318
0.0207092166	-0.864317119
0.0211091936	-0.859239697
0.0215092003	-0.854080737
0.0219092071	-0.848841846
0.0223092139	-0.843523741
0.0227091908	-0.838127613
0.0231091976	-0.832653821
0.0235092044	-0.827103317
0.0239092112	-0.821477532
0.0243092179	-0.815776944
0.0247091949	-0.810003281
0.0251092017	-0.804156363
0.0255092084	-0.79823786
0.0259092152	-0.792248607
0.0263091922	-0.786190093
0.026709199		-0.780062437
0.0271092057	-0.773867071
0.0275092125	-0.767605007
0.0279091895	-0.761277914
0.0283091962	-0.754885733
0.028709203		-0.748430014
0.0291092098	-0.741911769
0.0295092165	-0.735332251
0.0299091935	-0.728692889
0.0303092003	-0.721993804
0.0307092071	-0.715236664
0.0311092138	-0.708422482
0.0315091908	-0.701552868
0.0319091976	-0.694627941
0.0323092043	-0.687649429
0.0327092111	-0.680618286
0.0331092179	-0.673535764
0.0335091949	-0.666403532
0.0339092016	-0.659221649
0.0343092084	-0.651991785
0.0347092152	-0.64471513
0.0351091921	-0.637393415
0.0355091989	-0.630026579
0.0359092057	-0.622616589
0.0363092124	-0.61516428
0.0367091894	-0.607671678
0.0371091962	-0.600138664
0.037509203		-0.592567146
0.0379092097	-0.584958196
0.0383092165	-0.577313006
0.0387091935	-0.569633365
0.0391092002	-0.561919332
0.039509207		-0.554172695
0.0399092138	-0.546394587
0.0403091908	-0.538586855
0.0407091975	-0.530749381
0.0411092043	-0.52288425
0.0415092111	-0.514992416
0.0419092178	-0.507075131
0.0423091948	-0.499134272
0.0427092016	-0.491169721
0.0431092083	-0.483183354
0.0435092151	-0.475176424
0.0439091921	-0.467150569
0.0443091989	-0.459105909
0.0447092056	-0.451044321
0.0451092124	-0.442966819
0.0455091894	-0.43487522
0.0459091961	-0.426769733
0.0463092029	-0.418651849
0.0467092097	-0.410522997
0.0471092165	-0.402384132
0.0475091934	-0.39423722
0.0479092002	-0.386082232
0.048309207		-0.377920806
0.0487092137	-0.369754314
0.0491091907	-0.361584306
0.0495091975	-0.353410751
0.0499092042	-0.345235705
0.050309211		-0.337059945
0.0507092178	-0.3288849
0.0511091948	-0.320712149
0.0515092015	-0.312541574
0.0519092083	-0.304375201
0.0523092151	-0.296213835
0.052709192		-0.288059384
0.0531091988	-0.279911637
0.0535092056	-0.271772385
0.0539092124	-0.263642758
0.0543091893	-0.255524337
0.0547091961	-0.247417167
0.0551092029	-0.239322722
0.0555092096	-0.231242105
0.0559092164	-0.223176643
0.0563091934	-0.215127736
0.0567092001	-0.207095325
0.0571092069	-0.199080959
0.0575092137	-0.191085741
0.0579091907	-0.183111444
0.0583091974	-0.175157577
0.0587092042	-0.167225942
0.059109211		-0.159317479
0.0595091879	-0.151433796
0.0599091947	-0.143574744
0.0603092015	-0.135741755
0.0607092083	-0.127935857
0.061109215		-0.120157935
0.061509192		-0.112409607
0.0619091988	-0.104690641
0.0623092055	-0.0970023796
0.0627092123	-0.0893459618
0.0631091893	-0.0817227215
0.063509196		-0.0741323605
0.0639092028	-0.0665764436
0.0643092096	-0.059055727
0.0647092164	-0.0515712239
0.0651091933	-0.04412416
0.0655092001	-0.0367143191
0.0659092069	-0.0293431077
0.0663092136	-0.0220112614
0.0667091906	-0.0147202434
0.0671091974	-0.00746972393
0.0675092041	-0.000260893081
0.0679092109	0.00690537645
0.0683091879	0.0140277687
0.0687091947	0.0211067889
0.0691092014	0.0281408578
0.0695092082	0.0351296738
0.069909215		0.0420721285
0.0703091919	0.048967272
0.0707091987	0.055815421
0.0711092055	0.0626153126
0.0715092123	0.0693664253
0.0719091892	0.0760673583
0.072309196		0.082718879
0.0727092028	0.0893195421
0.0731092095	0.0958688855
0.0735092163	0.102366358
0.0739091933	0.108810693
0.0743092		0.115202554
0.0747092068	0.121540755
0.0751092136	0.127824813
0.0755091906	0.134053692
0.0759091973	0.140227839
0.0763092041	0.146346316
0.0767092109	0.152408719
0.0771091878	0.158413813
0.0775091946	0.164362371
0.0779092014	0.170253307
0.0783092082	0.176086396
0.0787092149	0.181860983
0.0791091919	0.187576219
0.0795091987	0.193232819
0.0799092054	0.198829785
0.0803092122	0.204366803
0.0807091892	0.209843099
0.0811091959	0.21525909
0.0815092027	0.22061415
0.0819092095	0.225907907
0.0823092163	0.231140092
0.0827091932	0.236309946
0.0831092		0.241418004
0.0835092068	0.246463686
0.0839092135	0.251446664
0.0843091905	0.256366372
0.0847091973	0.261223286
0.0851092041	0.266016871
0.0855092108	0.270746797
0.0859091878	0.275412679
0.0863091946	0.280015051
0.0867092013	0.284553319
0.0871092081	0.289027333
0.0875092149	0.293436885
0.0879091918	0.297781736
0.0883091986	0.302062243
0.0887092054	0.30627808
0.0891092122	0.310429126
0.0895091891	0.314514875
0.0899091959	0.318536103
0.0903092027	0.322492331
0.0907092094	0.326383561
0.0911092162	0.330209643
0.0915091932	0.333970279
0.0919092		0.337666243
0.0923092067	0.34129712
0.0927092135	0.344862878
0.0931091905	0.34836334
0.0935091972	0.351798981
0.093909204	0.355169803
0.0943092108	0.358475685
0.0947091877	0.361716509
0.0951091945	0.36489284
0.0955092013	0.368004471
0.0959092081	0.37105158
0.0963092148	0.374034286
0.0967091918	0.37695244
0.0971091986	0.379806668
0.0975092053	0.382596791
0.0979092121	0.385323137
0.0983091891	0.387985528
0.0987091959	0.390584618
0.0991092026	0.393120348
0.0995092094	0.395592839
0.0999092162	0.398002476
0.100309193		0.40034914
0.1007092		0.402633488
0.101109207		0.404855549
0.101509213		0.407015473
0.10190919		0.409113497
0.102309197		0.411150128
0.102709204		0.413125455
0.103109211		0.415039778
0.103509188		0.416893244
0.103909194		0.41868633
0.104309201		0.420419335
0.104709208		0.422092468
0.105109215		0.423706114
0.105509192		0.425260365
0.105909199		0.426755816
0.106309205		0.428192824
0.106709212		0.429571599
0.107109189		0.430892348
0.107509196		0.432155788
0.107909203		0.433362007
0.108309209		0.434511453
0.108709216		0.435604542
0.109109193		0.436641544
0.1095092		0.437623024
0.109909207		0.438549191
0.110309213		0.439420551
0.11070919		0.440237403
0.111109197		0.441000342
0.111509204		0.441709667
0.111909211		0.442365766
0.112309188		0.442969114
0.112709194		0.443520159
0.113109201		0.444019347
0.113509208		0.444467098
0.113909215		0.444863826
0.114309192		0.44520998
0.114709198		0.445506096
0.115109205		0.445752561
0.115509212		0.445949852
0.115909189		0.446098477
0.116309196		0.446198821
0.116709203		0.446251452
0.117109209		0.446256816
0.117509216		0.446215361
0.117909193		0.446127623
0.1183092		0.44599402
0.118709207		0.445815146
0.119109213		0.44559136
0.11950919		0.445323288
0.119909197		0.445011377
0.120309204		0.444656104
0.120709211		0.444258004
0.121109188		0.443817616
0.121509194		0.443335354
0.121909201		0.442811787
0.122309208		0.44224745
0.122709215		0.441642791
0.123109192		0.440998435
0.123509198		0.44031474
0.123909205		0.439592332
0.124309212		0.438831717
0.124709189		0.438033432
0.125109196		0.437197953
0.125509202		0.436325759
0.125909209		0.435417533
0.126309186		0.434473664
0.126709193		0.433494687
0.1271092	0.43248114
0.127509207	0.431433558
0.127909213	0.430352479
0.12830919	0.429238468
0.128709197	0.428091884
0.129109204	0.42691341
0.129509211	0.425703496
0.129909188	0.424462825
0.130309194	0.423191667
0.130709201	0.421890616
0.131109208	0.420560271
0.131509215	0.419201076
0.131909192	0.417813778
0.132309198	0.416398555
0.132709205	0.414956123
0.133109212	0.413486868
0.133509189	0.411991626
0.133909196	0.410470456
0.134309202	0.408924162
0.134709209	0.407353133
0.135109186	0.405758113
0.135509193	0.40413928
0.1359092	0.402497232
0.136309206	0.400832593
0.136709213	0.399145752
0.13710919	0.397437394
0.137509197	0.395707697
0.137909204	0.393957436
0.138309211	0.39218694
0.138709188	0.390396833
0.139109194	0.388587505
0.139509201	0.386759371
0.139909208	0.384913117
0.140309215	0.383049011
0.140709192	0.381167799
0.141109198	0.37926963
0.141509205	0.377355158
0.141909212	0.375424892
0.142309189	0.373479277
0.142709196	0.371518612
0.143109202	0.369543463
0.143509209	0.367554277
0.143909186	0.36555174
0.144309193	0.363535911
0.1447092	0.361507416
0.145109206	0.359466672
0.145509213	0.357414126
0.14590922	0.355350286
0.146309227	0.353275508
0.146709174	0.351190507
0.147109181	0.349095136
0.147509187	0.346990108
0.147909194	0.344875902
0.148309201	0.342752844
0.148709208	0.340621382
0.149109215	0.338481933
0.149509221	0.336334884
0.149909228	0.334180623
0.150309175	0.332019925
0.150709182	0.329852432
0.151109189	0.327678949
0.151509196	0.325499743
0.151909202	0.323315382
0.152309209	0.321126074
0.152709216	0.318932205
0.153109223	0.316734254
0.153509229	0.314532429
0.153909177	0.312327564
0.154309183	0.310119331
0.15470919	0.307908207
0.155109197	0.305694818
0.155509204	0.303479284
0.15590921	0.30126217
0.156309217	0.299043596
0.156709224	0.296823978
0.157109171	0.294603944
0.157509178	0.292383224
0.157909185	0.290162325
0.158309191	0.287941754
0.158709198	0.28572163
0.159109205	0.283502311
0.159509212	0.281284153
0.159909219	0.279067487
0.160309225	0.276852429
0.160709172	0.274639726
0.161109179	0.2724289
0.161509186	0.270220697
0.161909193	0.268015265
0.1623092	0.265812993
0.162709206	0.263614029
0.163109213	0.26141867
0.16350922	0.259227157
0.163909227	0.257039845
0.164309174	0.254857183
0.164709181	0.252678782
0.165109187	0.250505239
0.165509194	0.248336717
0.165909201	0.246173501
0.166309208	0.244015902
0.166709214	0.241863996
0.167109221	0.23971805
0.167509228	0.237578258
0.167909175	0.235445201
0.168309182	0.233318478
0.168709189	0.231198475
0.169109195	0.229085431
0.169509202	0.226979673
0.169909209	0.224881187
0.170309216	0.222790286
0.170709223	0.220707074
0.171109229	0.218631804
0.171509176	0.216564894
0.171909183	0.214505926
0.17230919	0.212455347
0.172709197	0.210413381
0.173109204	0.208380163
0.17350921	0.206355765
0.173909217	0.204340398
0.174309224	0.202334166
0.174709171	0.200337574
0.175109178	0.198350087
0.175509185	0.196372226
0.175909191	0.194404036
0.176309198	0.192445666
0.176709205	0.190497294
0.177109212	0.188559055
0.177509218	0.18663092
0.177909225	0.184713066
0.178309172	0.182805941
0.178709179	0.180909008
0.179109186	0.179022714
0.179509193	0.177147105
0.179909199	0.175282255
0.180309206	0.173428357
0.180709213	0.171585426
0.18110922	0.169753671
0.181509227	0.167932957
0.181909174	0.166123763
0.18230918	0.16432555
0.182709187	0.162538722
0.183109194	0.160763323
0.183509201	0.158999428
0.183909208	0.157247126
0.184309214	0.155506432
0.184709221	0.153777406
0.185109228	0.152060211
0.185509175	0.150354996
0.185909182	0.148661301
0.186309189	0.146979511
0.186709195	0.145309627
0.187109202	0.143651724
0.187509209	0.142005786
0.187909216	0.140371904
0.188309222	0.138750061
0.188709229	0.137140289
0.189109176	0.135542899
0.189509183	0.133957475
0.18990919	0.132384121
0.190309197	0.130822942
0.190709203	0.129273936
0.19110921	0.12773715
0.191509217	0.126212597
0.191909224	0.124700256
0.192309171	0.123200372
0.192709178	0.121712498
0.193109185	0.120236859
0.193509191	0.118773498
0.193909198	0.117322333
0.194309205	0.115883417
0.194709212	0.114456706
0.195109218	0.113042206
0.195509225	0.111639924
0.195909172	0.110250026
0.196309179	0.108872123
0.196709186	0.107506372
0.197109193	0.106152758
0.197509199	0.104811326
0.197909206	0.103481978
0.198309213	0.102164671
0.19870922	0.100859433
0.199109226	0.0995662212
0.199509174	0.0982852429
0.19990918	0.0970159993
0.200309187	0.0957587287
0.200709194	0.0945133492
0.201109201	0.0932798311
0.201509207	0.0920581967
0.201909214	0.0908483267
0.202309221	0.0896502361
0.202709228	0.0884638503
0.203109175	0.0872893259
0.203509182	0.0861262679
0.203909189	0.0849747956
0.204309195	0.0838348791
0.204709202	0.0827064663
0.205109209	0.0815894902
0.205509216	0.0804839954
0.205909222	0.0793897882
0.20630917	0.0783070475
0.206709176	0.0772354379
0.207109183	0.0761749819
0.20750919	0.0751256868
0.207909197	0.0740874782
0.208309203	0.0730602965
0.20870921	0.0720441118
0.209109217	0.0710388571
0.209509224	0.0700445101
0.209909171	0.0690610558
0.210309178	0.0680882111
0.210709184	0.0671260357
0.211109191	0.0661744699
0.211509198	0.0652334765
0.211909205	0.0643029734
0.212309211	0.0633829162
0.212709218	0.0624732114
0.213109225	0.0615738072
0.213509172	0.060684856
0.213909179	0.0598058589
0.214309186	0.0589369535
0.214709193	0.0580781028
0.215109199	0.0572292358
0.215509206	0.056390278
0.215909213	0.0555611029
0.21630922	0.0547417477
0.216709226	0.0539320372
0.217109174	0.0531321019
0.21750918	0.0523416288
0.217909187	0.0515606143
0.218309194	0.0507889837
0.218709201	0.050026726
0.219109207	0.0492737107
0.219509214	0.0485299118
0.219909221	0.0477952249
0.220309228	0.0470696241
0.220709175	0.0463530645
0.221109182	0.0456453376
0.221509188	0.0449464805
0.221909195	0.0442563593
0.222309202	0.0435749069
0.222709209	0.0429021008
0.223109215	0.0422378145
0.223509222	0.0415820256
0.223909169	0.0409346931
0.224309176	0.0402956307
0.224709183	0.0396648012
0.22510919	0.0390421599
0.225509197	0.0384276472
0.225909203	0.0378211476
0.22630921	0.0372225866
0.226709217	0.0366319343
0.227109224	0.0360490754
0.227509171	0.035474062
0.227909178	0.0349066146
0.228309184	0.0343467668
0.228709191	0.0337944403
0.229109198	0.0332495682
0.229509205	0.0327120945
0.229909211	0.0321819186
0.230309218	0.0316589475
0.230709225	0.0311431568
0.231109172	0.0306345094
0.231509179	0.0301328246
0.231909186	0.0296380725
0.232309192	0.029150201
0.232709199	0.0286691319
0.233109206	0.0281948112
0.233509213	0.0277271625
0.23390922	0.0272660926
0.234309226	0.0268115327
0.234709173	0.0263635051
0.23510918	0.0259217843
0.235509187	0.0254863966
0.235909194	0.025057245
0.236309201	0.0246342868
0.236709207	0.0242174268
0.237109214	0.0238066167
0.237509221	0.0234017987
0.237909228	0.0230028685
0.238309175	0.0226098504
0.238709182	0.0222225506
0.239109188	0.0218409579
0.239509195	0.0214650184
0.239909202	0.0210946463
0.240309209	0.0207297951
0.240709215	0.020370394
0.241109222	0.0200163927
0.241509169	0.0196677595
0.241909176	0.0193243511
0.242309183	0.0189861171
0.24270919	0.0186530296
0.243109196	0.0183250085
0.243509203	0.0180020183
0.24390921	0.0176839624
0.244309217	0.0173708033
0.244709224	0.0170624722
0.245109171	0.0167589635
0.245509177	0.0164601188
0.245909184	0.0161659494
0.246309191	0.0158763453
0.246709198	0.0155912982
0.247109205	0.0153107122
0.247509211	0.015034561
0.247909218	0.0147627676
0.248309225	0.0144952927
0.248709172	0.0142320981
0.249109179	0.0139730768
0.249509186	0.0137181925
0.249909192	0.013467418
0.250309199	0.0132206557
0.250709206	0.0129778897
0.251109213	0.0127390428
0.251509219	0.0125040803
0.251909226	0.0122729372
0.252309173	0.0120456107
0.25270918	0.0118219648
0.253109187	0.0116020003
0.253509194	0.0113856476
0.2539092	0.0111728925
0.254309207	0.0109636374
0.254709214	0.0107578691
0.255109221	0.0105555169
0.255509228	0.010356552
0.255909175	0.0101609416
0.256309181	0.00996859558
0.256709188	0.00977948122
0.257109195	0.00959356781
0.257509202	0.00941079576
0.257909209	0.00923114177
0.258309215	0.00905453321
0.258709222	0.00888094027
0.259109169	0.00871033967
0.259509176	0.00854264665
0.259909183	0.00837783888
0.26030919	0.00821587536
0.260709196	0.00805671047
0.261109203	0.00790031068
0.26150921	0.00774662523
0.261909217	0.00759563129
0.262309223	0.00744726555
0.262709171	0.00730152382
0.263109177	0.0071583176
0.263509184	0.00701764133
0.263909191	0.00687944284
0.264309198	0.00674369559
0.264709204	0.00661035487
0.265109211	0.0064793909
0.265509218	0.00635075988
0.265909225	0.00622443622
0.266309172	0.00610039197
0.266709179	0.00597856101
0.267109185	0.00585892005
0.267509192	0.00574144674
0.267909199	0.00562609499
0.268309206	0.00551284151
0.268709213	0.00540164579
0.269109219	0.00529248221
0.269509226	0.00518531166
0.269909173	0.00508013088
0.27030918	0.00497685885
0.270709187	0.00487549091
0.271109194	0.00477599353
0.2715092	0.00467834109
0.271909207	0.00458249589
0.272309214	0.00448843604
0.272709221	0.0043961294
0.273109168	0.00430556107
0.273509175	0.00421667425
0.273909181	0.00412945868
0.274309188	0.00404388411
0.274709195	0.00395992631
0.275109202	0.00387755153
0.275509208	0.00379673764
0.275909215	0.0037174609
0.276309222	0.00363969291
0.276709169	0.00356341712
0.277109176	0.00348859071
0.277509183	0.00341519783
0.277909189	0.00334321754
0.278309196	0.00327262538
0.278709203	0.00320339482
0.27910921	0.00313550024
0.279509217	0.00306892139
0.279909223	0.00300363847
0.28030917	0.00293963333
0.280709177	0.0028768694
0.281109184	0.00281533529
0.281509191	0.00275500445
0.281909198	0.00269586057
0.282309204	0.00263788318
0.282709211	0.00258104713
0.283109218	0.00252533425
0.283509225	0.00247072754
0.283909172	0.00241721072
0.284309179	0.00236475281
0.284709185	0.00231333915
0.285109192	0.00226295623
0.285509199	0.002213581
0.285909206	0.00216519786
0.286309212	0.00211778982
0.286709219	0.00207133731
0.287109226	0.00202581938
0.287509173	0.00198123255
0.28790918	0.00193754211
0.288309187	0.0018947426
0.288709193	0.00185281166
0.2891092	0.00181173964
0.289509207	0.00177150615
0.289909214	0.00173209864
0.290309221	0.00169350195
0.290709168	0.00165570364
0.291109174	0.00161867926
0.291509181	0.00158242136
0.291909188	0.00154691283
0.292309195	0.00151214364
0.292709202	0.00147809484
0.293109208	0.00144475792
0.293509215	0.00141211553
0.293909222	0.00138015731
0.294309169	0.00134887465
0.294709176	0.00131824415
0.295109183	0.00128825626
0.295509189	0.00125890283
0.295909196	0.00123016955
0.296309203	0.00120204443
0.29670921	0.00117451593
0.297109216	0.0011475737
0.297509223	0.001121204
0.29790917	0.00109540171
0.298309177	0.00107014831
0.298709184	0.00104543485
0.299109191	0.0010212519
0.299509197	0.000997589785
0.299909204	0.000974436814
0.300309211	0.000951785187
0.300709218	0.000929622736
0.301109225	0.000907940557
0.301509172	0.00088673213
0.301909178	0.000865982962
0.302309185	0.000845687347
0.302709192	0.000825833529
0.303109199	0.000806414057
0.303509206	0.000787421013
0.303909212	0.000768844446
0.304309219	0.000750677835
0.304709226	0.00073291111
0.305109173	0.000715539209
0.30550918	0.000698549266
0.305909187	0.000681937148
0.306309193	0.00066569401
0.3067092	0.000649812282
0.307109207	0.000634283409
0.307509214	0.000619102444
0.30790922	0.000604261179
0.308309168	0.000589754665
0.308709174	0.000575571845
0.309109181	0.000561708584
0.309509188	0.000548157317
0.309909195	0.000534912571
0.310309201	0.00052196777
0.310709208	0.000509316335
0.311109215	0.000496951805
0.311509222	0.000484868797
0.311909169	0.00047306277
0.312309176	0.000461524585
0.312709183	0.000450250227
0.313109189	0.000439234544
0.313509196	0.000428471249
0.313909203	0.000417955773
0.31430921	0.00040768279
0.314709216	0.000397646829
0.315109223	0.000387842476
0.31550917	0.000378266734
0.315909177	0.000368911773
0.316309184	0.00035977416
0.316709191	0.000350849208
0.317109197	0.00034213264
0.317509204	0.000333619391
0.317909211	0.000325305562
0.318309218	0.000317187107
0.318709224	0.000309258729
0.319109172	0.000301518099
0.319509178	0.000293958787
0.319909185	0.00028657759
0.320309192	0.000279371365
0.320709199	0.00027233531
0.321109205	0.000265466602
0.321509212	0.00025876108
0.321909219	0.000252215192
0.322309226	0.000245825533
0.322709173	0.000239589281
0.32310918	0.000233501181
0.323509187	0.000227559169
0.323909193	0.000221759765
0.3243092	0.000216099783
0.324709207	0.000210576109
0.325109214	0.000205185846
0.32550922	0.000199925664
0.325909168	0.0001947938
0.326309174	0.000189785642
0.326709181	0.000184899109
0.327109188	0.000180131261
0.327509195	0.000175479741
0.327909201	0.000170941712
0.328309208	0.000166514757
0.328709215	0.00016219588
0.329109222	0.000157983217
0.329509169	0.000153874673
0.329909176	0.000149866421
0.330309182	0.000145957078
0.330709189	0.000142144578
0.331109196	0.000138425981
0.331509203	0.000134799557
0.331909209	0.000131262976
0.332309216	0.000127814477
0.332709223	0.000124451661
0.33310917	0.00012117318
0.333509177	0.000117976
0.333909184	0.000114858951
0.334309191	0.000111819863
0.334709197	0.000108857188
0.335109204	0.000105968735
0.335509211	0.000103153143
0.335909218	0.000100408324
0.336309224	9.773294E-005
0.336709172	9.51254406E-005
0.337109178	9.25837012E-005
0.337509185	9.01063395E-005
0.337909192	8.76920458E-005
0.338309199	8.53390884E-005
0.338709205	8.30462159E-005
0.339109212	8.08116311E-005
0.339509219	7.86344317E-005
0.339909166	7.65130826E-005
0.340309173	7.44457138E-005
0.34070918	7.24316851E-005
0.341109186	7.04694903E-005
0.341509193	6.85575869E-005
0.3419092	6.66952328E-005
0.342309207	6.48807545E-005
0.342709213	6.31134899E-005
0.34310922	6.13917437E-005
0.343509167	5.97150938E-005
0.343909174	5.80818087E-005
0.344309181	5.64909351E-005
0.344709188	5.49416727E-005
0.345109195	5.34328974E-005
0.345509201	5.19633468E-005
0.345909208	5.0532537E-005
0.346309215	4.91389874E-005
0.346709222	4.77822869E-005
0.347109169	4.64613513E-005
0.347509176	4.51749693E-005
0.347909182	4.39226751E-005
0.348309189	4.27033519E-005
0.348709196	4.15163995E-005
0.349109203	4.03609338E-005
0.349509209	3.92359543E-005
0.349909216	3.81410391E-005
0.350309223	3.70751332E-005
0.35070917	3.60378945E-005
0.351109177	3.50282098E-005
0.351509184	3.4045428E-005
0.35190919	3.30890725E-005
0.352309197	3.21582702E-005
0.352709204	3.12525408E-005
0.353109211	3.03711895E-005
0.353509218	2.95134396E-005
0.353909224	2.86789455E-005
0.354309171	2.78670559E-005
